0.000000
50.000000
0.000000
-8.682409
49.240388
-0.000000
-8.550504
49.240388
-1.507684
-8.158796
49.240388
-2.969559
-7.519187
49.240388
-4.341204
-6.651111
49.240388
-5.580945
-5.580945
49.240388
-6.651111
-4.341204
49.240388
-7.519187
-2.969559
49.240388
-8.158796
-1.507684
49.240388
-8.550504
-0.000000
49.240388
-8.682409
1.507684
49.240388
-8.550504
2.969559
49.240388
-8.158796
4.341204
49.240388
-7.519187
5.580945
49.240388
-6.651111
6.651111
49.240388
-5.580945
7.519187
49.240388
-4.341204
8.158796
49.240388
-2.969559
8.550504
49.240388
-1.507684
8.682409
49.240388
-0.000000
8.550504
49.240388
1.507684
8.158796
49.240388
2.969559
7.519187
49.240388
4.341204
6.651111
49.240388
5.580945
5.580945
49.240388
6.651111
4.341204
49.240388
7.519187
2.969559
49.240388
8.158796
1.507684
49.240388
8.550504
0.000000
49.240388
8.682409
-1.507684
49.240388
8.550504
-2.969559
49.240388
8.158796
-4.341204
49.240388
7.519187
-5.580945
49.240388
6.651111
-6.651111
49.240388
5.580945
-7.519187
49.240388
4.341204
-8.158796
49.240388
2.969559
-8.550504
49.240388
1.507684
-17.101007
46.984631
-0.000000
-16.841204
46.984631
-2.969559
-16.069690
46.984631
-5.848889
-14.809907
46.984631
-8.550504
-13.100132
46.984631
-10.992316
-10.992316
46.984631
-13.100132
-8.550504
46.984631
-14.809907
-5.848889
46.984631
-16.069690
-2.969559
46.984631
-16.841204
-0.000000
46.984631
-17.101007
2.969559
46.984631
-16.841204
5.848889
46.984631
-16.069690
8.550504
46.984631
-14.809907
10.992316
46.984631
-13.100132
13.100132
46.984631
-10.992316
14.809907
46.984631
-8.550504
16.069690
46.984631
-5.848889
16.841204
46.984631
-2.969559
17.101007
46.984631
-0.000000
16.841204
46.984631
2.969559
16.069690
46.984631
5.848889
14.809907
46.984631
8.550504
13.100132
46.984631
10.992316
10.992316
46.984631
13.100132
8.550504
46.984631
14.809907
5.848889
46.984631
16.069690
2.969559
46.984631
16.841204
0.000000
46.984631
17.101007
-2.969559
46.984631
16.841204
-5.848889
46.984631
16.069690
-8.550504
46.984631
14.809907
-10.992316
46.984631
13.100132
-13.100132
46.984631
10.992316
-14.809907
46.984631
8.550504
-16.069690
46.984631
5.848889
-16.841204
46.984631
2.969559
-25.000000
43.301270
-0.000000
-24.620194
43.301270
-4.341204
-23.492316
43.301270
-8.550504
-21.650635
43.301270
-12.500000
-19.151111
43.301270
-16.069690
-16.069690
43.301270
-19.151111
-12.500000
43.301270
-21.650635
-8.550504
43.301270
-23.492316
-4.341204
43.301270
-24.620194
-0.000000
43.301270
-25.000000
4.341204
43.301270
-24.620194
8.550504
43.301270
-23.492316
12.500000
43.301270
-21.650635
16.069690
43.301270
-19.151111
19.151111
43.301270
-16.069690
21.650635
43.301270
-12.500000
23.492316
43.301270
-8.550504
24.620194
43.301270
-4.341204
25.000000
43.301270
-0.000000
24.620194
43.301270
4.341204
23.492316
43.301270
8.550504
21.650635
43.301270
12.500000
19.151111
43.301270
16.069690
16.069690
43.301270
19.151111
12.500000
43.301270
21.650635
8.550504
43.301270
23.492316
4.341204
43.301270
24.620194
0.000000
43.301270
25.000000
-4.341204
43.301270
24.620194
-8.550504
43.301270
23.492316
-12.500000
43.301270
21.650635
-16.069690
43.301270
19.151111
-19.151111
43.301270
16.069690
-21.650635
43.301270
12.500000
-23.492316
43.301270
8.550504
-24.620194
43.301270
4.341204
-32.139380
38.302222
-0.000000
-31.651111
38.302222
-5.580945
-30.201139
38.302222
-10.992316
-27.833520
38.302222
-16.069690
-24.620194
38.302222
-20.658796
-20.658796
38.302222
-24.620194
-16.069690
38.302222
-27.833520
-10.992316
38.302222
-30.201139
-5.580945
38.302222
-31.651111
-0.000000
38.302222
-32.139380
5.580945
38.302222
-31.651111
10.992316
38.302222
-30.201139
16.069690
38.302222
-27.833520
20.658796
38.302222
-24.620194
24.620194
38.302222
-20.658796
27.833520
38.302222
-16.069690
30.201139
38.302222
-10.992316
31.651111
38.302222
-5.580945
32.139380
38.302222
-0.000000
31.651111
38.302222
5.580945
30.201139
38.302222
10.992316
27.833520
38.302222
16.069690
24.620194
38.302222
20.658796
20.658796
38.302222
24.620194
16.069690
38.302222
27.833520
10.992316
38.302222
30.201139
5.580945
38.302222
31.651111
0.000000
38.302222
32.139380
-5.580945
38.302222
31.651111
-10.992316
38.302222
30.201139
-16.069690
38.302222
27.833520
-20.658796
38.302222
24.620194
-24.620194
38.302222
20.658796
-27.833520
38.302222
16.069690
-30.201139
38.302222
10.992316
-31.651111
38.302222
5.580945
-38.302222
32.139380
-0.000000
-37.720325
32.139380
-6.651111
-35.992316
32.139380
-13.100132
-33.170697
32.139380
-19.151111
-29.341204
32.139380
-24.620194
-24.620194
32.139380
-29.341204
-19.151111
32.139380
-33.170697
-13.100132
32.139380
-35.992316
-6.651111
32.139380
-37.720325
-0.000000
32.139380
-38.302222
6.651111
32.139380
-37.720325
13.100132
32.139380
-35.992316
19.151111
32.139380
-33.170697
24.620194
32.139380
-29.341204
29.341204
32.139380
-24.620194
33.170697
32.139380
-19.151111
35.992316
32.139380
-13.100132
37.720325
32.139380
-6.651111
38.302222
32.139380
-0.000000
37.720325
32.139380
6.651111
35.992316
32.139380
13.100132
33.170697
32.139380
19.151111
29.341204
32.139380
24.620194
24.620194
32.139380
29.341204
19.151111
32.139380
33.170697
13.100132
32.139380
35.992316
6.651111
32.139380
37.720325
0.000000
32.139380
38.302222
-6.651111
32.139380
37.720325
-13.100132
32.139380
35.992316
-19.151111
32.139380
33.170697
-24.620194
32.139380
29.341204
-29.341204
32.139380
24.620194
-33.170697
32.139380
19.151111
-35.992316
32.139380
13.100132
-37.720325
32.139380
6.651111
-43.301270
25.000000
-0.000000
-42.643427
25.000000
-7.519187
-40.689884
25.000000
-14.809907
-37.500000
25.000000
-21.650635
-33.170697
25.000000
-27.833520
-27.833520
25.000000
-33.170697
-21.650635
25.000000
-37.500000
-14.809907
25.000000
-40.689884
-7.519187
25.000000
-42.643427
-0.000000
25.000000
-43.301270
7.519187
25.000000
-42.643427
14.809907
25.000000
-40.689884
21.650635
25.000000
-37.500000
27.833520
25.000000
-33.170697
33.170697
25.000000
-27.833520
37.500000
25.000000
-21.650635
40.689884
25.000000
-14.809907
42.643427
25.000000
-7.519187
43.301270
25.000000
-0.000000
42.643427
25.000000
7.519187
40.689884
25.000000
14.809907
37.500000
25.000000
21.650635
33.170697
25.000000
27.833520
27.833520
25.000000
33.170697
21.650635
25.000000
37.500000
14.809907
25.000000
40.689884
7.519187
25.000000
42.643427
0.000000
25.000000
43.301270
-7.519187
25.000000
42.643427
-14.809907
25.000000
40.689884
-21.650635
25.000000
37.500000
-27.833520
25.000000
33.170697
-33.170697
25.000000
27.833520
-37.500000
25.000000
21.650635
-40.689884
25.000000
14.809907
-42.643427
25.000000
7.519187
-46.984631
17.101007
-0.000000
-46.270829
17.101007
-8.158796
-44.151111
17.101007
-16.069690
-40.689884
17.101007
-23.492316
-35.992316
17.101007
-30.201139
-30.201139
17.101007
-35.992316
-23.492316
17.101007
-40.689884
-16.069690
17.101007
-44.151111
-8.158796
17.101007
-46.270829
-0.000000
17.101007
-46.984631
8.158796
17.101007
-46.270829
16.069690
17.101007
-44.151111
23.492316
17.101007
-40.689884
30.201139
17.101007
-35.992316
35.992316
17.101007
-30.201139
40.689884
17.101007
-23.492316
44.151111
17.101007
-16.069690
46.270829
17.101007
-8.158796
46.984631
17.101007
-0.000000
46.270829
17.101007
8.158796
44.151111
17.101007
16.069690
40.689884
17.101007
23.492316
35.992316
17.101007
30.201139
30.201139
17.101007
35.992316
23.492316
17.101007
40.689884
16.069690
17.101007
44.151111
8.158796
17.101007
46.270829
0.000000
17.101007
46.984631
-8.158796
17.101007
46.270829
-16.069690
17.101007
44.151111
-23.492316
17.101007
40.689884
-30.201139
17.101007
35.992316
-35.992316
17.101007
30.201139
-40.689884
17.101007
23.492316
-44.151111
17.101007
16.069690
-46.270829
17.101007
8.158796
-49.240388
8.682409
-0.000000
-48.492316
8.682409
-8.550504
-46.270829
8.682409
-16.841204
-42.643427
8.682409
-24.620194
-37.720325
8.682409
-31.651111
-31.651111
8.682409
-37.720325
-24.620194
8.682409
-42.643427
-16.841204
8.682409
-46.270829
-8.550504
8.682409
-48.492316
-0.000000
8.682409
-49.240388
8.550504
8.682409
-48.492316
16.841204
8.682409
-46.270829
24.620194
8.682409
-42.643427
31.651111
8.682409
-37.720325
37.720325
8.682409
-31.651111
42.643427
8.682409
-24.620194
46.270829
8.682409
-16.841204
48.492316
8.682409
-8.550504
49.240388
8.682409
-0.000000
48.492316
8.682409
8.550504
46.270829
8.682409
16.841204
42.643427
8.682409
24.620194
37.720325
8.682409
31.651111
31.651111
8.682409
37.720325
24.620194
8.682409
42.643427
16.841204
8.682409
46.270829
8.550504
8.682409
48.492316
0.000000
8.682409
49.240388
-8.550504
8.682409
48.492316
-16.841204
8.682409
46.270829
-24.620194
8.682409
42.643427
-31.651111
8.682409
37.720325
-37.720325
8.682409
31.651111
-42.643427
8.682409
24.620194
-46.270829
8.682409
16.841204
-48.492316
8.682409
8.550504
-50.000000
0.000000
-0.000000
-49.240388
0.000000
-8.682409
-46.984631
0.000000
-17.101007
-43.301270
0.000000
-25.000000
-38.302222
0.000000
-32.139380
-32.139380
0.000000
-38.302222
-25.000000
0.000000
-43.301270
-17.101007
0.000000
-46.984631
-8.682409
0.000000
-49.240388
-0.000000
0.000000
-50.000000
8.682409
0.000000
-49.240388
17.101007
0.000000
-46.984631
25.000000
0.000000
-43.301270
32.139380
0.000000
-38.302222
38.302222
0.000000
-32.139380
43.301270
0.000000
-25.000000
46.984631
0.000000
-17.101007
49.240388
0.000000
-8.682409
50.000000
0.000000
-0.000000
49.240388
0.000000
8.682409
46.984631
0.000000
17.101007
43.301270
0.000000
25.000000
38.302222
0.000000
32.139380
32.139380
0.000000
38.302222
25.000000
0.000000
43.301270
17.101007
0.000000
46.984631
8.682409
0.000000
49.240388
0.000000
0.000000
50.000000
-8.682409
0.000000
49.240388
-17.101007
0.000000
46.984631
-25.000000
0.000000
43.301270
-32.139380
0.000000
38.302222
-38.302222
0.000000
32.139380
-43.301270
0.000000
25.000000
-46.984631
0.000000
17.101007
-49.240388
0.000000
8.682409
-49.240388
-8.682409
-0.000000
-48.492316
-8.682409
-8.550504
-46.270829
-8.682409
-16.841204
-42.643427
-8.682409
-24.620194
-37.720325
-8.682409
-31.651111
-31.651111
-8.682409
-37.720325
-24.620194
-8.682409
-42.643427
-16.841204
-8.682409
-46.270829
-8.550504
-8.682409
-48.492316
-0.000000
-8.682409
-49.240388
8.550504
-8.682409
-48.492316
16.841204
-8.682409
-46.270829
24.620194
-8.682409
-42.643427
31.651111
-8.682409
-37.720325
37.720325
-8.682409
-31.651111
42.643427
-8.682409
-24.620194
46.270829
-8.682409
-16.841204
48.492316
-8.682409
-8.550504
49.240388
-8.682409
-0.000000
48.492316
-8.682409
8.550504
46.270829
-8.682409
16.841204
42.643427
-8.682409
24.620194
37.720325
-8.682409
31.651111
31.651111
-8.682409
37.720325
24.620194
-8.682409
42.643427
16.841204
-8.682409
46.270829
8.550504
-8.682409
48.492316
0.000000
-8.682409
49.240388
-8.550504
-8.682409
48.492316
-16.841204
-8.682409
46.270829
-24.620194
-8.682409
42.643427
-31.651111
-8.682409
37.720325
-37.720325
-8.682409
31.651111
-42.643427
-8.682409
24.620194
-46.270829
-8.682409
16.841204
-48.492316
-8.682409
8.550504
-46.984631
-17.101007
-0.000000
-46.270829
-17.101007
-8.158796
-44.151111
-17.101007
-16.069690
-40.689884
-17.101007
-23.492316
-35.992316
-17.101007
-30.201139
-30.201139
-17.101007
-35.992316
-23.492316
-17.101007
-40.689884
-16.069690
-17.101007
-44.151111
-8.158796
-17.101007
-46.270829
-0.000000
-17.101007
-46.984631
8.158796
-17.101007
-46.270829
16.069690
-17.101007
-44.151111
23.492316
-17.101007
-40.689884
30.201139
-17.101007
-35.992316
35.992316
-17.101007
-30.201139
40.689884
-17.101007
-23.492316
44.151111
-17.101007
-16.069690
46.270829
-17.101007
-8.158796
46.984631
-17.101007
-0.000000
46.270829
-17.101007
8.158796
44.151111
-17.101007
16.069690
40.689884
-17.101007
23.492316
35.992316
-17.101007
30.201139
30.201139
-17.101007
35.992316
23.492316
-17.101007
40.689884
16.069690
-17.101007
44.151111
8.158796
-17.101007
46.270829
0.000000
-17.101007
46.984631
-8.158796
-17.101007
46.270829
-16.069690
-17.101007
44.151111
-23.492316
-17.101007
40.689884
-30.201139
-17.101007
35.992316
-35.992316
-17.101007
30.201139
-40.689884
-17.101007
23.492316
-44.151111
-17.101007
16.069690
-46.270829
-17.101007
8.158796
-43.301270
-25.000000
-0.000000
-42.643427
-25.000000
-7.519187
-40.689884
-25.000000
-14.809907
-37.500000
-25.000000
-21.650635
-33.170697
-25.000000
-27.833520
-27.833520
-25.000000
-33.170697
-21.650635
-25.000000
-37.500000
-14.809907
-25.000000
-40.689884
-7.519187
-25.000000
-42.643427
-0.000000
-25.000000
-43.301270
7.519187
-25.000000
-42.643427
14.809907
-25.000000
-40.689884
21.650635
-25.000000
-37.500000
27.833520
-25.000000
-33.170697
33.170697
-25.000000
-27.833520
37.500000
-25.000000
-21.650635
40.689884
-25.000000
-14.809907
42.643427
-25.000000
-7.519187
43.301270
-25.000000
-0.000000
42.643427
-25.000000
7.519187
40.689884
-25.000000
14.809907
37.500000
-25.000000
21.650635
33.170697
-25.000000
27.833520
27.833520
-25.000000
33.170697
21.650635
-25.000000
37.500000
14.809907
-25.000000
40.689884
7.519187
-25.000000
42.643427
0.000000
-25.000000
43.301270
-7.519187
-25.000000
42.643427
-14.809907
-25.000000
40.689884
-21.650635
-25.000000
37.500000
-27.833520
-25.000000
33.170697
-33.170697
-25.000000
27.833520
-37.500000
-25.000000
21.650635
-40.689884
-25.000000
14.809907
-42.643427
-25.000000
7.519187
-38.302222
-32.139380
-0.000000
-37.720325
-32.139380
-6.651111
-35.992316
-32.139380
-13.100132
-33.170697
-32.139380
-19.151111
-29.341204
-32.139380
-24.620194
-24.620194
-32.139380
-29.341204
-19.151111
-32.139380
-33.170697
-13.100132
-32.139380
-35.992316
-6.651111
-32.139380
-37.720325
-0.000000
-32.139380
-38.302222
6.651111
-32.139380
-37.720325
13.100132
-32.139380
-35.992316
19.151111
-32.139380
-33.170697
24.620194
-32.139380
-29.341204
29.341204
-32.139380
-24.620194
33.170697
-32.139380
-19.151111
35.992316
-32.139380
-13.100132
37.720325
-32.139380
-6.651111
38.302222
-32.139380
-0.000000
37.720325
-32.139380
6.651111
35.992316
-32.139380
13.100132
33.170697
-32.139380
19.151111
29.341204
-32.139380
24.620194
24.620194
-32.139380
29.341204
19.151111
-32.139380
33.170697
13.100132
-32.139380
35.992316
6.651111
-32.139380
37.720325
0.000000
-32.139380
38.302222
-6.651111
-32.139380
37.720325
-13.100132
-32.139380
35.992316
-19.151111
-32.139380
33.170697
-24.620194
-32.139380
29.341204
-29.341204
-32.139380
24.620194
-33.170697
-32.139380
19.151111
-35.992316
-32.139380
13.100132
-37.720325
-32.139380
6.651111
-32.139380
-38.302222
-0.000000
-31.651111
-38.302222
-5.580945
-30.201139
-38.302222
-10.992316
-27.833520
-38.302222
-16.069690
-24.620194
-38.302222
-20.658796
-20.658796
-38.302222
-24.620194
-16.069690
-38.302222
-27.833520
-10.992316
-38.302222
-30.201139
-5.580945
-38.302222
-31.651111
-0.000000
-38.302222
-32.139380
5.580945
-38.302222
-31.651111
10.992316
-38.302222
-30.201139
16.069690
-38.302222
-27.833520
20.658796
-38.302222
-24.620194
24.620194
-38.302222
-20.658796
27.833520
-38.302222
-16.069690
30.201139
-38.302222
-10.992316
31.651111
-38.302222
-5.580945
32.139380
-38.302222
-0.000000
31.651111
-38.302222
5.580945
30.201139
-38.302222
10.992316
27.833520
-38.302222
16.069690
24.620194
-38.302222
20.658796
20.658796
-38.302222
24.620194
16.069690
-38.302222
27.833520
10.992316
-38.302222
30.201139
5.580945
-38.302222
31.651111
0.000000
-38.302222
32.139380
-5.580945
-38.302222
31.651111
-10.992316
-38.302222
30.201139
-16.069690
-38.302222
27.833520
-20.658796
-38.302222
24.620194
-24.620194
-38.302222
20.658796
-27.833520
-38.302222
16.069690
-30.201139
-38.302222
10.992316
-31.651111
-38.302222
5.580945
-25.000000
-43.301270
-0.000000
-24.620194
-43.301270
-4.341204
-23.492316
-43.301270
-8.550504
-21.650635
-43.301270
-12.500000
-19.151111
-43.301270
-16.069690
-16.069690
-43.301270
-19.151111
-12.500000
-43.301270
-21.650635
-8.550504
-43.301270
-23.492316
-4.341204
-43.301270
-24.620194
-0.000000
-43.301270
-25.000000
4.341204
-43.301270
-24.620194
8.550504
-43.301270
-23.492316
12.500000
-43.301270
-21.650635
16.069690
-43.301270
-19.151111
19.151111
-43.301270
-16.069690
21.650635
-43.301270
-12.500000
23.492316
-43.301270
-8.550504
24.620194
-43.301270
-4.341204
25.000000
-43.301270
-0.000000
24.620194
-43.301270
4.341204
23.492316
-43.301270
8.550504
21.650635
-43.301270
12.500000
19.151111
-43.301270
16.069690
16.069690
-43.301270
19.151111
12.500000
-43.301270
21.650635
8.550504
-43.301270
23.492316
4.341204
-43.301270
24.620194
0.000000
-43.301270
25.000000
-4.341204
-43.301270
24.620194
-8.550504
-43.301270
23.492316
-12.500000
-43.301270
21.650635
-16.069690
-43.301270
19.151111
-19.151111
-43.301270
16.069690
-21.650635
-43.301270
12.500000
-23.492316
-43.301270
8.550504
-24.620194
-43.301270
4.341204
-17.101007
-46.984631
-0.000000
-16.841204
-46.984631
-2.969559
-16.069690
-46.984631
-5.848889
-14.809907
-46.984631
-8.550504
-13.100132
-46.984631
-10.992316
-10.992316
-46.984631
-13.100132
-8.550504
-46.984631
-14.809907
-5.848889
-46.984631
-16.069690
-2.969559
-46.984631
-16.841204
-0.000000
-46.984631
-17.101007
2.969559
-46.984631
-16.841204
5.848889
-46.984631
-16.069690
8.550504
-46.984631
-14.809907
10.992316
-46.984631
-13.100132
13.100132
-46.984631
-10.992316
14.809907
-46.984631
-8.550504
16.069690
-46.984631
-5.848889
16.841204
-46.984631
-2.969559
17.101007
-46.984631
-0.000000
16.841204
-46.984631
2.969559
16.069690
-46.984631
5.848889
14.809907
-46.984631
8.550504
13.100132
-46.984631
10.992316
10.992316
-46.984631
13.100132
8.550504
-46.984631
14.809907
5.848889
-46.984631
16.069690
2.969559
-46.984631
16.841204
0.000000
-46.984631
17.101007
-2.969559
-46.984631
16.841204
-5.848889
-46.984631
16.069690
-8.550504
-46.984631
14.809907
-10.992316
-46.984631
13.100132
-13.100132
-46.984631
10.992316
-14.809907
-46.984631
8.550504
-16.069690
-46.984631
5.848889
-16.841204
-46.984631
2.969559
-8.682409
-49.240388
-0.000000
-8.550504
-49.240388
-1.507684
-8.158796
-49.240388
-2.969559
-7.519187
-49.240388
-4.341204
-6.651111
-49.240388
-5.580945
-5.580945
-49.240388
-6.651111
-4.341204
-49.240388
-7.519187
-2.969559
-49.240388
-8.158796
-1.507684
-49.240388
-8.550504
-0.000000
-49.240388
-8.682409
1.507684
-49.240388
-8.550504
2.969559
-49.240388
-8.158796
4.341204
-49.240388
-7.519187
5.580945
-49.240388
-6.651111
6.651111
-49.240388
-5.580945
7.519187
-49.240388
-4.341204
8.158796
-49.240388
-2.969559
8.550504
-49.240388
-1.507684
8.682409
-49.240388
-0.000000
8.550504
-49.240388
1.507684
8.158796
-49.240388
2.969559
7.519187
-49.240388
4.341204
6.651111
-49.240388
5.580945
5.580945
-49.240388
6.651111
4.341204
-49.240388
7.519187
2.969559
-49.240388
8.158796
1.507684
-49.240388
8.550504
0.000000
-49.240388
8.682409
-1.507684
-49.240388
8.550504
-2.969559
-49.240388
8.158796
-4.341204
-49.240388
7.519187
-5.580945
-49.240388
6.651111
-6.651111
-49.240388
5.580945
-7.519187
-49.240388
4.341204
-8.158796
-49.240388
2.969559
-8.550504
-49.240388
1.507684
-0.000000
-50.000000
-0.000000
